>DOJHLOP01DWJWJ length=100 xy=1483_3377 region=1 run=R_2005_09_08_15_35_38_
32 31 29 26 30 27 32 32 31 30 28 26 26 28 27 19 26 31 24 32 31 30 25 25 29 24 31 28 28 31 31 27 29 26 22 14 32 31 25 29 31 31 29 32 28 31 31 29 23 24 22 19 19 18 16 10 3 31 28 32
29 32 31 28 23 30 28 31 31 26 24 31 31 28 30 24 27 24 17 29 28 23 31 20 11 16 31 28 31 21 12 30 29 31 26 31 29 24 31 17
>DOJHLOP02IMFGB length=113 xy=3418_3369 region=2 run=R_2005_09_08_15_35_38_
27 27 20 28 21 31 24 32 31 32 30 24 30 27 21 28 22 30 24 29 23 31 21 31 30 26 25 11 24 25 25 22 12 29 23 27 21 11 30 21 27 28 21 30 26 22 28 22 25 25 21 9 29 23 32 27 27 32 31 27
28 24 29 24 26 19 13 28 21 31 28 22 31 25 29 28 18 31 31 26 31 12 31 29 23 22 3 28 22 30 22 22 21 14 3 31 23 22 4 31 22 31 31 27 32 29 23 32 32 24 26 20 29
>DOJHLOP02FFZCX length=111 xy=2115_0815 region=2 run=R_2005_09_08_15_35_38_
31 32 32 29 27 30 27 32 30 27 22 22 21 16 7 32 28 31 31 26 25 25 22 12 31 27 28 28 18 30 32 32 29 23 26 25 22 11 28 30 30 27 31 31 26 29 30 26 29 27 26 25 11 32 32 31 31 28 31 32
30 31 26 31 28 31 26 31 27 29 28 27 18 31 26 28 28 18 31 31 27 30 25 31 31 27 32 31 27 32 31 32 31 27 32 30 31 32 22 32 30 27 25 26 26 18 22 26 29 32 32
>DOJHLOP01DH98P length=55 xy=1321_1223 region=1 run=R_2005_09_08_15_35_38_
24 24 18 2 24 25 29 31 31 27 31 27 25 22 25 23 24 17 29 28 18 29 16 32 21 31 17 6 28 14 24 17 31 31 31 28
23 15 32 19 19 24 23 23 21 13 27 26 25 11 32 17 26 22 31
>DOJHLOP02IWD2T length=106 xy=3532_1203 region=2 run=R_2005_09_08_15_35_38_
27 21 32 29 24 31 31 28 21 30 31 31 31 32 28 31 26 28 31 26 22 13 30 25 17 27 20 29 28 30 24 17 22 28 31 32 30 27 26 29 27 31 27 25 17 27 32 23 24 22 31 26 24 22 20 10 28 28 18 30
20 20 19 16 9 29 23 30 26 19 30 15 29 23 25 22 27 27 18 26 31 26 29 24 24 21 13 28 21 18 27 23 22 32 24 28 24 24 18 23 15 22 19 30 32 31