>DOJHLOP02ID1W0 length=110 xy=3323_1698 region=2 run=R_2005_09_08_15_35_38_
27 27 28 30 27 28 31 28 30 31 31 28 31 37 30 28 31 37 31 31 27 31 27 31 27 32 31 27 31 30 31 32 28 27 34 31 28 31 27 28 32 28 28 18 32 30 32 32 32 32 32 30 27 29 27 31 28 32 27 31
31 36 32 29 24 31 28 31 29 29 29 28 30 29 23 28 35 34 28 27 29 27 32 31 27 29 28 27 31 27 31 32 31 31 31 27 31 26 31 31 32 32 32 31 32 32 28 31 27 32
>DOJHLOP02FCGDR length=103 xy=2075_0093 region=2 run=R_2005_09_08_15_35_38_
30 28 27 34 27 29 28 26 32 27 31 29 32 27 25 29 26 28 28 28 38 32 27 26 33 29 32 31 27 31 27 31 27 31 27 29 28 30 32 28 27 34 29 28 28 28 27 29 27 26 32 31 30 32 31 28 27 27 25 27
29 31 32 27 28 30 31 27 27 27 29 31 27 27 32 32 26 29 28 28 29 32 31 27 28 27 31 27 29 28 28 29 27 30 27 31 31 28 29 39 32 25 25
>DOJHLOP01DTC10 length=107 xy=1447_1990 region=1 run=R_2005_09_08_15_35_38_
30 31 28 30 32 32 31 30 30 31 28 27 31 28 31 30 27 26 25 18 28 31 28 31 28 32 23 28 30 27 29 31 30 31 27 30 28 32 31 27 31 32 29 30 28 25 23 31 30 27 30 32 32 28 30 31 25 31 31 27
30 31 28 23 32 31 27 27 39 28 32 29 28 28 31 28 35 26 31 31 28 32 32 28 28 28 35 32 31 28 31 31 28 27 31 30 31 29 29 27 31 32 26 26 34 33 29
>DOJHLOP01DM14Z length=76 xy=1375_2817 region=1 run=R_2005_09_08_15_35_38_
32 32 29 32 32 31 27 31 28 28 15 31 29 28 26 31 28 31 27 30 31 29 32 31 27 31 27 30 31 28 32 31 27 28 28 29 31 31 27 31 28 30 24 31 31 28 29 31 30 30 28 31 27 29 30 35 32 32 28 31
28 30 27 28 29 34 29 31 31 28 30 32 27 32 30 26
>DOJHLOP02F9U6I length=103 xy=2455_2440 region=2 run=R_2005_09_08_15_35_38_
17 25 31 26 32 31 31 28 28 28 32 31 29 28 27 38 32 25 31 27 32 27 30 32 31 26 31 32 35 28 27 34 31 28 32 28 27 32 31 34 34 28 28 27 26 28 28 30 31 27 27 27 31 27 32 30 32 27 30 30
27 29 27 32 31 31 27 31 26 27 30 34 31 32 27 25 33 32 31 30 29 32 31 26 25 27 32 32 27 30 27 27 30 27 27 31 32 31 27 32 29 30 24
